Id	Description	AddHpMax	AddEpMax	AddAd	AddADp	AddMDp	AddCri	AddPow	AddBackHitPow	AddCrackPow	AddHpRecover	AddEpRecover	AddSpd	AddFireDam	AddFireErd	AddIceDam	AddIceErd	AddPoisonDam	AddPoisonErd	AddWeight	AddRps	AddAttackRange
1		99700	10000	4900	0	0	10	150	115	115												
2		114200	10000	5300	0	0	10	150	115	115												
3		129100	10000	5800	0	0	10	150	115	115												
4		144300	10000	6200	0	0	10	150	115	115												
5		159900	10000	6700	0	0	10	150	115	115												
6		175800	10000	7200	0	0	10	150	115	115												
7		192200	10000	7600	0	0	10	150	115	115												
8		208900	10000	8100	0	0	10	150	115	115												
9		225900	10000	8500	0	0	10	150	115	115												
10		243400	10000	9000	0	0	10	150	115	115												
11		261200	10000	9500	0	0	10	150	115	115												
12		282800	10000	9900	0	0	10	150	115	115												
13		305100	10000	10400	0	0	10	150	115	115												
14		328200	10000	10800	0	0	10	150	115	115												
15		352000	10000	11300	0	0	10	150	115	115												
16		376600	10000	11800	0	0	10	150	115	115												
17		401900	10000	12200	0	0	10	150	115	115												
18		427900	10000	12700	0	0	10	150	115	115												
19		454700	10000	13100	0	0	10	150	115	115												
20		486100	10000	13700	0	0	10	150	115	115												
21		516000	10000	14200	0	0	10	150	115	115												
22		552100	10000	14700	0	0	10	150	115	115												
23		589400	10000	15200	0	0	10	150	115	115												
24		623500	10000	15600	0	0	10	150	115	115												
25		665800	10000	16200	0	0	10	150	115	115												
26		722700	10000	17000	0	0	10	150	115	115												
27		743900	10000	17500	0	0	10	150	115	115												
28		789700	10000	18000	0	0	10	150	115	115												
29		836900	10000	18600	0	0	10	150	115	115												
30		885400	10000	19100	0	0	10	150	115	115												
31		935300	10000	19700	0	0	10	150	115	115												
32		986500	10000	20300	0	0	10	150	115	115												
33		1046900	10000	20800	0	0	10	150	115	115												
34		1109000	10000	21400	0	0	10	150	115	115												
35		1190000	10000	22200	0	0	10	150	115	115												
36		1252700	10000	22700	0	0	10	150	115	115												
37		1317000	10000	23200	0	0	10	150	115	115												
38		1383000	10000	23700	0	0	10	150	115	115												
39		1450500	10000	24200	0	0	10	150	115	115												
40		1532600	10000	24900	0	0	10	150	115	115												
41		1614200	10000	25600	0	0	10	150	115	115												
42		1698000	10000	26300	0	0	10	150	115	115												
43		1783900	10000	26900	0	0	10	150	115	115												
44		1871900	10000	27600	0	0	10	150	115	115												
45		1962000	10000	28200	0	0	10	150	115	115												
46		2046800	10000	28800	0	0	10	150	115	115												
47		2110000	10000	29600	0	0	10	150	115	115												
48		2205600	10000	30300	0	0	10	150	115	115												
49		2315100	10000	30900	0	0	10	150	115	115												
50		2427300	10000	31600	0	0	10	150	115	115												
51		2542100	10000	32300	0	0	10	150	115	115												
52		2654500	10000	32900	0	0	10	150	115	115												
53		2769300	10000	33500	0	0	10	150	115	115												
54		2886500	10000	34100	0	0	10	150	115	115												
55		3006100	10000	34700	0	0	10	150	115	115												
56		3128100	10000	35300	0	0	10	150	115	115												
57		3252500	10000	35900	0	0	10	150	115	115												
58		3520000	10000	36500	0	0	10	150	115	115												
59		3708700	10000	36900	0	0	10	150	115	115												
60		3797100	10000	37800	0	0	10	150	115	115												
61		4025200	10000	38500	0	0	10	150	115	115												
62		4259400	10000	39300	0	0	10	150	115	115												
63		4499700	10000	40000	0	0	10	150	115	115												
64		4746000	10000	40800	0	0	10	150	115	115												
65		4998500	10000	41600	0	0	10	150	115	115												
66		5257000	10000	42300	0	0	10	150	115	115												
67		5521600	10000	43100	0	0	10	150	115	115												
68		5792300	10000	43800	0	0	10	150	115	115												
69		6256800	10000	44700	0	0	10	150	115	115												
70		6710800	10000	45400	0	0	10	150	115	115												
71		7176000	10000	46100	0	0	10	150	115	115												
72		7652400	10000	46800	0	0	10	150	115	115												
73		8140000	10000	47500	0	0	10	150	115	115												
74		8638800	10000	48200	0	0	10	150	115	115												
75		9148800	10000	48900	0	0	10	150	115	115												
76		9670000	10000	49600	0	0	10	150	115	115												
77		10235700	10000	50500	0	0	10	150	115	115												
78		10547700	10000	51900	0	0	10	150	115	115												
79		11139200	10000	52800	0	0	10	150	115	115												
80		11744400	10000	53700	0	0	10	150	115	115												
81		12363300	10000	54500	0	0	10	150	115	115												
82		12996000	10000	55400	0	0	10	150	115	115												
83		13642500	10000	56200	0	0	10	150	115	115												
84		14014500	10000	57700	0	0	10	150	115	115												
85		14686800	10000	58600	0	0	10	150	115	115												
86		15372800	10000	59400	0	0	10	150	115	115												
87		16072500	10000	60300	0	0	10	150	115	115												
88		16786000	10000	61100	0	0	10	150	115	115												
89		17206000	10000	62600	0	0	10	150	115	115												
90		17916500	10000	63400	0	0	10	150	115	115												
91		18639200	10000	64100	0	0	10	150	115	115												
92		19374000	10000	64900	0	0	10	150	115	115												
93		20120900	10000	65700	0	0	10	150	115	115												
94		20880000	10000	66400	0	0	10	150	115	115												
95		21651300	10000	67200	0	0	10	150	115	115												
96		22434800	10000	67900	0	0	10	150	115	115												
97		23230400	10000	68700	0	0	10	150	115	115												
98		24038100	10000	69500	0	0	10	150	115	115												
99		24858000	10000	70200	0	0	10	150	115	115												
100		25690100	10000	71000	0	0	10	150	115	115												
101		26534400	10000	71700	0	0	10	150	115	115												
102		27390800	10000	72500	0	0	10	150	115	115												
103		28259300	10000	73300	0	0	10	150	115	115												
104		29140000	10000	74000	0	0	10	150	115	115												
105		29444000	10000	74800	0	0	10	150	115	115												
106		29748000	10000	75500	0	0	10	150	115	115												
107		30052000	10000	76300	0	0	10	150	115	115												
108		30356000	10000	77100	0	0	10	150	115	115												
109		30660000	10000	77800	0	0	10	150	115	115												
110		30964000	10000	78600	0	0	10	150	115	115												
111		31268000	10000	79300	0	0	10	150	115	115												
112		31572000	10000	80100	0	0	10	150	115	115												
113		31876000	10000	80900	0	0	10	150	115	115												
114		32180000	10000	81600	0	0	10	150	115	115												
115		32484000	10000	82400	0	0	10	150	115	115												
116		32788000	10000	83100	0	0	10	150	115	115												
117		33092000	10000	83900	0	0	10	150	115	115												
118		33396000	10000	84700	0	0	10	150	115	115												
119		33700000	10000	85400	0	0	10	150	115	115												
120		34004000	10000	86200	0	0	10	150	115	115												
121		34308000	10000	86900	0	0	10	150	115	115												
122		34612000	10000	87700	0	0	10	150	115	115												
123		34916000	10000	88500	0	0	10	150	115	115												
124		35220000	10000	89200	0	0	10	150	115	115												
125		35524000	10000	90000	0	0	10	150	115	115												
126		35828000	10000	90700	0	0	10	150	115	115												
127		36132000	10000	91500	0	0	10	150	115	115												
128		36436000	10000	92300	0	0	10	150	115	115												
129		36740000	10000	93000	0	0	10	150	115	115												
130		37044000	10000	93800	0	0	10	150	115	115												
131		37348000	10000	94500	0	0	10	150	115	115												
132		37652000	10000	95300	0	0	10	150	115	115												
133		37876000	10000	95900	0	0	10	150	115	115												
134		38100000	10000	96400	0	0	10	150	115	115												
135		38584000	10000	97600	0	0	10	150	115	115												
136		39068000	10000	98800	0	0	10	150	115	115												
137		39292000	10000	99400	0	0	10	150	115	115												
138		39516000	10000	99900	0	0	10	150	115	115												
139		39740000	10000	100500	0	0	10	150	115	115												
140		39964000	10000	101000	0	0	10	150	115	115												
141		40188000	10000	101600	0	0	10	150	115	115												
142		40412000	10000	102200	0	0	10	150	115	115												
143		40636000	10000	102700	0	0	10	150	115	115												
144		40860000	10000	103300	0	0	10	150	115	115												
145		41084000	10000	103800	0	0	10	150	115	115												
146		41308000	10000	104400	0	0	10	150	115	115												
147		41532000	10000	105000	0	0	10	150	115	115												
148		41756000	10000	105500	0	0	10	150	115	115												
149		41980000	10000	106100	0	0	10	150	115	115												
150		42204000	10000	106600	0	0	10	150	115	115												
151		42428000	10000	107200	0	0	10	150	115	115												
152		42652000	10000	107800	0	0	10	150	115	115												
153		42876000	10000	108300	0	0	10	150	115	115												
154		43100000	10000	108900	0	0	10	150	115	115												
155		43324000	10000	109400	0	0	10	150	115	115												
156		43548000	10000	110000	0	0	10	150	115	115												
157		43772000	10000	110600	0	0	10	150	115	115												
158		43996000	10000	111100	0	0	10	150	115	115												
159		44220000	10000	111700	0	0	10	150	115	115												
160		44444000	10000	112200	0	0	10	150	115	115												
161		44668000	10000	112800	0	0	10	150	115	115												
162		44892000	10000	113400	0	0	10	150	115	115												
163		45116000	10000	113900	0	0	10	150	115	115												
164		45340000	10000	114500	0	0	10	150	115	115												
165		45564000	10000	115000	0	0	10	150	115	115												
166		45788000	10000	115600	0	0	10	150	115	115												
167		46012000	10000	116200	0	0	10	150	115	115												
168		46236000	10000	116700	0	0	10	150	115	115												
169		46460000	10000	117300	0	0	10	150	115	115												
170		46684000	10000	117800	0	0	10	150	115	115												
1001		129700	10000	4400	0	0	10	150	115	115												
1002		148500	10000	4700	0	0	10	150	115	115												
1003		167900	10000	5200	0	0	10	150	115	115												
1004		187600	10000	5500	0	0	10	150	115	115												
1005		207900	10000	5900	0	0	10	150	115	115												
1006		228600	10000	6400	0	0	10	150	115	115												
1007		249900	10000	6700	0	0	10	150	115	115												
1008		271600	10000	7200	0	0	10	150	115	115												
1009		293700	10000	7500	0	0	10	150	115	115												
1010		316500	10000	8000	0	0	10	150	115	115												
1011		339600	10000	8400	0	0	10	150	115	115												
1012		367700	10000	8800	0	0	10	150	115	115												
1013		396700	10000	9200	0	0	10	150	115	115												
1014		426700	10000	9600	0	0	10	150	115	115												
1015		457600	10000	10000	0	0	10	150	115	115												
1016		489600	10000	10400	0	0	10	150	115	115												
1017		522500	10000	10800	0	0	10	150	115	115												
1018		556300	10000	11200	0	0	10	150	115	115												
1019		591200	10000	11600	0	0	10	150	115	115												
1020		632000	10000	12100	0	0	10	150	115	115												
1021		670800	10000	12500	0	0	10	150	115	115												
1022		717800	10000	13000	0	0	10	150	115	115												
1023		766300	10000	13400	0	0	10	150	115	115												
1024		810600	10000	13800	0	0	10	150	115	115												
1025		865600	10000	14300	0	0	10	150	115	115												
1026		939600	10000	15000	0	0	10	150	115	115												
1027		967100	10000	15400	0	0	10	150	115	115												
1028		1026700	10000	15900	0	0	10	150	115	115												
1029		1088000	10000	16400	0	0	10	150	115	115												
1030		1151100	10000	16900	0	0	10	150	115	115												
1031		1215900	10000	17400	0	0	10	150	115	115												
1032		1282500	10000	17900	0	0	10	150	115	115												
1033		1361000	10000	18400	0	0	10	150	115	115												
1034		1441700	10000	18900	0	0	10	150	115	115												
1035		1547000	10000	19600	0	0	10	150	115	115												
1036		1628600	10000	20000	0	0	10	150	115	115												
1037		1712100	10000	20500	0	0	10	150	115	115												
1038		1797900	10000	20900	0	0	10	150	115	115												
1039		1885700	10000	21300	0	0	10	150	115	115												
1040		1992400	10000	22000	0	0	10	150	115	115												
1041		2098500	10000	22600	0	0	10	150	115	115												
1042		2207400	10000	23200	0	0	10	150	115	115												
1043		2319100	10000	23700	0	0	10	150	115	115												
1044		2433500	10000	24300	0	0	10	150	115	115												
1045		2550600	10000	24900	0	0	10	150	115	115												
1046		2660900	10000	25400	0	0	10	150	115	115												
1047		2743000	10000	26100	0	0	10	150	115	115												
1048		2867300	10000	26700	0	0	10	150	115	115												
1049		3009700	10000	27200	0	0	10	150	115	115												
1050		3155500	10000	27900	0	0	10	150	115	115												
1051		3304800	10000	28500	0	0	10	150	115	115												
1052		3450900	10000	29000	0	0	10	150	115	115												
1053		3600100	10000	29500	0	0	10	150	115	115												
1054		3752500	10000	30100	0	0	10	150	115	115												
1055		3908000	10000	30600	0	0	10	150	115	115												
1056		4066600	10000	31100	0	0	10	150	115	115												
1057		4228300	10000	31600	0	0	10	150	115	115												
1058		4576000	10000	32200	0	0	10	150	115	115												
1059		4821400	10000	32500	0	0	10	150	115	115												
1060		4936300	10000	33300	0	0	10	150	115	115												
1061		5232800	10000	33900	0	0	10	150	115	115												
1062		5537300	10000	34600	0	0	10	150	115	115												
1063		5849700	10000	35200	0	0	10	150	115	115												
1064		6169800	10000	36000	0	0	10	150	115	115												
1065		6498100	10000	36700	0	0	10	150	115	115												
1066		6834100	10000	37300	0	0	10	150	115	115												
1067		7178100	10000	38000	0	0	10	150	115	115												
1068		7530000	10000	38600	0	0	10	150	115	115												
1069		8133900	10000	39400	0	0	10	150	115	115												
1070		8724100	10000	40000	0	0	10	150	115	115												
1071		9328800	10000	40600	0	0	10	150	115	115												
1072		9948200	10000	41200	0	0	10	150	115	115												
1073		10582000	10000	41800	0	0	10	150	115	115												
1074		11230500	10000	42500	0	0	10	150	115	115												
1075		11893500	10000	43100	0	0	10	150	115	115												
1076		12571000	10000	43700	0	0	10	150	115	115												
1077		13306500	10000	44500	0	0	10	150	115	115												
1078		13712100	10000	45700	0	0	10	150	115	115												
1079		14481000	10000	46500	0	0	10	150	115	115												
1080		15267800	10000	47300	0	0	10	150	115	115												
1081		16072300	10000	48000	0	0	10	150	115	115												
1082		16894800	10000	48800	0	0	10	150	115	115												
1083		17735300	10000	49500	0	0	10	150	115	115												
1084		18218900	10000	50800	0	0	10	150	115	115												
1085		19092900	10000	51600	0	0	10	150	115	115												
1086		19984700	10000	52300	0	0	10	150	115	115												
1087		20894300	10000	53100	0	0	10	150	115	115												
1088		21821800	10000	53800	0	0	10	150	115	115												
1089		22367800	10000	55100	0	0	10	150	115	115												
1090		23291500	10000	55800	0	0	10	150	115	115												
1091		24231000	10000	56500	0	0	10	150	115	115												
1092		25186200	10000	57200	0	0	10	150	115	115												
1093		26157200	10000	57900	0	0	10	150	115	115												
1094		27144000	10000	58500	0	0	10	150	115	115												
1095		28146700	10000	59200	0	0	10	150	115	115												
1096		29165300	10000	59800	0	0	10	150	115	115												
1097		30199600	10000	60500	0	0	10	150	115	115												
1098		31249600	10000	61200	0	0	10	150	115	115												
1099		32315400	10000	61800	0	0	10	150	115	115												
1100		33397200	10000	62500	0	0	10	150	115	115												
1101		34494800	10000	63100	0	0	10	150	115	115												
1102		35608100	10000	63800	0	0	10	150	115	115												
1103		36737100	10000	64600	0	0	10	150	115	115												
1104		37882000	10000	65200	0	0	10	150	115	115												
1105		38277200	10000	65900	0	0	10	150	115	115												
1106		38672400	10000	66500	0	0	10	150	115	115												
1107		39067600	10000	67200	0	0	10	150	115	115												
1108		39462800	10000	67900	0	0	10	150	115	115												
1109		39858000	10000	68500	0	0	10	150	115	115												
1110		40253200	10000	69200	0	0	10	150	115	115												
1111		40648400	10000	69800	0	0	10	150	115	115												
1112		41043600	10000	70500	0	0	10	150	115	115												
1113		41438800	10000	71200	0	0	10	150	115	115												
1114		41834000	10000	71900	0	0	10	150	115	115												
1115		42229200	10000	72600	0	0	10	150	115	115												
1116		42624400	10000	73200	0	0	10	150	115	115												
1117		43019600	10000	73900	0	0	10	150	115	115												
1118		43414800	10000	74600	0	0	10	150	115	115												
1119		43810000	10000	75200	0	0	10	150	115	115												
1120		44205200	10000	75900	0	0	10	150	115	115												
1121		44600400	10000	76500	0	0	10	150	115	115												
1122		44995600	10000	77200	0	0	10	150	115	115												
1123		45390800	10000	77900	0	0	10	150	115	115												
1124		45786000	10000	78500	0	0	10	150	115	115												
1125		46181200	10000	79200	0	0	10	150	115	115												
1126		46576400	10000	79900	0	0	10	150	115	115												
1127		46971600	10000	80600	0	0	10	150	115	115												
1128		47366800	10000	81300	0	0	10	150	115	115												
1129		47762000	10000	81900	0	0	10	150	115	115												
1130		48157200	10000	82600	0	0	10	150	115	115												
1131		48552400	10000	83200	0	0	10	150	115	115												
1132		48947600	10000	83900	0	0	10	150	115	115												
1133		49238800	10000	84400	0	0	10	150	115	115												
1134		49530000	10000	84900	0	0	10	150	115	115												
1135		50159200	10000	85900	0	0	10	150	115	115												
1136		50788400	10000	87000	0	0	10	150	115	115												
1137		51079600	10000	87500	0	0	10	150	115	115												
1138		51370800	10000	88000	0	0	10	150	115	115												
1139		51662000	10000	88500	0	0	10	150	115	115												
1140		51953200	10000	88900	0	0	10	150	115	115												
1141		52244400	10000	89500	0	0	10	150	115	115												
1142		52535600	10000	90000	0	0	10	150	115	115												
1143		52826800	10000	90400	0	0	10	150	115	115												
1144		53118000	10000	91000	0	0	10	150	115	115												
1145		53409200	10000	91400	0	0	10	150	115	115												
1146		53700400	10000	91900	0	0	10	150	115	115												
1147		53991600	10000	92400	0	0	10	150	115	115												
1148		54282800	10000	92900	0	0	10	150	115	115												
1149		54574000	10000	93400	0	0	10	150	115	115												
1150		54865200	10000	93900	0	0	10	150	115	115												
1151		55156400	10000	94400	0	0	10	150	115	115												
1152		55447600	10000	94900	0	0	10	150	115	115												
1153		55738800	10000	95400	0	0	10	150	115	115												
1154		56030000	10000	95900	0	0	10	150	115	115												
1155		56321200	10000	96300	0	0	10	150	115	115												
1156		56612400	10000	96800	0	0	10	150	115	115												
1157		56903600	10000	97400	0	0	10	150	115	115												
1158		57194800	10000	97800	0	0	10	150	115	115												
1159		57486000	10000	98300	0	0	10	150	115	115												
1160		57777200	10000	98800	0	0	10	150	115	115												
1161		58068400	10000	99300	0	0	10	150	115	115												
1162		58359600	10000	99800	0	0	10	150	115	115												
1163		58650800	10000	100300	0	0	10	150	115	115												
1164		58942000	10000	100800	0	0	10	150	115	115												
1165		59233200	10000	101200	0	0	10	150	115	115												
1166		59524400	10000	101800	0	0	10	150	115	115												
1167		59815600	10000	102300	0	0	10	150	115	115												
1168		60106800	10000	102700	0	0	10	150	115	115												
1169		60398000	10000	103300	0	0	10	150	115	115												
1170		60689200	10000	103700	0	0	10	150	115	115												
2001		79800	10000	6400	0	0	10	150	115	115												
2002		91400	10000	6900	0	0	10	150	115	115												
2003		103300	10000	7600	0	0	10	150	115	115												
2004		115500	10000	8100	0	0	10	150	115	115												
2005		128000	10000	8800	0	0	10	150	115	115												
2006		140700	10000	9400	0	0	10	150	115	115												
2007		153800	10000	9900	0	0	10	150	115	115												
2008		167200	10000	10600	0	0	10	150	115	115												
2009		180800	10000	11100	0	0	10	150	115	115												
2010		194800	10000	11700	0	0	10	150	115	115												
2011		209000	10000	12400	0	0	10	150	115	115												
2012		226300	10000	12900	0	0	10	150	115	115												
2013		244100	10000	13600	0	0	10	150	115	115												
2014		262600	10000	14100	0	0	10	150	115	115												
2015		281600	10000	14700	0	0	10	150	115	115												
2016		301300	10000	15400	0	0	10	150	115	115												
2017		321600	10000	15900	0	0	10	150	115	115												
2018		342400	10000	16600	0	0	10	150	115	115												
2019		363800	10000	17100	0	0	10	150	115	115												
2020		388900	10000	17900	0	0	10	150	115	115												
2021		412800	10000	18500	0	0	10	150	115	115												
2022		441700	10000	19200	0	0	10	150	115	115												
2023		471600	10000	19800	0	0	10	150	115	115												
2024		498800	10000	20300	0	0	10	150	115	115												
2025		532700	10000	21100	0	0	10	150	115	115												
2026		578200	10000	22100	0	0	10	150	115	115												
2027		595200	10000	22800	0	0	10	150	115	115												
2028		631800	10000	23400	0	0	10	150	115	115												
2029		669600	10000	24200	0	0	10	150	115	115												
2030		708400	10000	24900	0	0	10	150	115	115												
2031		748300	10000	25700	0	0	10	150	115	115												
2032		789200	10000	26400	0	0	10	150	115	115												
2033		837600	10000	27100	0	0	10	150	115	115												
2034		887200	10000	27900	0	0	10	150	115	115												
2035		952000	10000	28900	0	0	10	150	115	115												
2036		1002200	10000	29600	0	0	10	150	115	115												
2037		1053600	10000	30200	0	0	10	150	115	115												
2038		1106400	10000	30900	0	0	10	150	115	115												
2039		1160400	10000	31500	0	0	10	150	115	115												
2040		1226100	10000	32400	0	0	10	150	115	115												
2041		1291400	10000	33300	0	0	10	150	115	115												
2042		1358400	10000	34200	0	0	10	150	115	115												
2043		1427200	10000	35000	0	0	10	150	115	115												
2044		1497600	10000	35900	0	0	10	150	115	115												
2045		1569600	10000	36700	0	0	10	150	115	115												
2046		1637500	10000	37500	0	0	10	150	115	115												
2047		1688000	10000	38500	0	0	10	150	115	115												
2048		1764500	10000	39400	0	0	10	150	115	115												
2049		1852100	10000	40200	0	0	10	150	115	115												
2050		1941900	10000	41100	0	0	10	150	115	115												
2051		2033700	10000	42000	0	0	10	150	115	115												
2052		2123600	10000	42800	0	0	10	150	115	115												
2053		2215500	10000	43600	0	0	10	150	115	115												
2054		2309200	10000	44400	0	0	10	150	115	115												
2055		2404900	10000	45200	0	0	10	150	115	115												
2056		2502500	10000	45900	0	0	10	150	115	115												
2057		2602000	10000	46700	0	0	10	150	115	115												
2058		2816000	10000	47500	0	0	10	150	115	115												
2059		2967000	10000	48000	0	0	10	150	115	115												
2060		3037700	10000	49200	0	0	10	150	115	115												
2061		3220200	10000	50100	0	0	10	150	115	115												
2062		3407600	10000	51100	0	0	10	150	115	115												
2063		3599800	10000	52000	0	0	10	150	115	115												
2064		3796800	10000	53100	0	0	10	150	115	115												
2065		3998800	10000	54100	0	0	10	150	115	115												
2066		4205600	10000	55000	0	0	10	150	115	115												
2067		4417300	10000	56100	0	0	10	150	115	115												
2068		4633900	10000	57000	0	0	10	150	115	115												
2069		5005500	10000	58200	0	0	10	150	115	115												
2070		5368700	10000	59100	0	0	10	150	115	115												
2071		5740800	10000	60000	0	0	10	150	115	115												
2072		6122000	10000	60900	0	0	10	150	115	115												
2073		6512000	10000	61800	0	0	10	150	115	115												
2074		6911100	10000	62700	0	0	10	150	115	115												
2075		7319100	10000	63600	0	0	10	150	115	115												
2076		7736000	10000	64500	0	0	10	150	115	115												
2077		8188600	10000	65700	0	0	10	150	115	115												
2078		8438200	10000	67500	0	0	10	150	115	115												
2079		8911400	10000	68700	0	0	10	150	115	115												
2080		9395600	10000	69900	0	0	10	150	115	115												
2081		9890700	10000	70900	0	0	10	150	115	115												
2082		10396800	10000	72100	0	0	10	150	115	115												
2083		10914000	10000	73100	0	0	10	150	115	115												
2084		11211600	10000	75100	0	0	10	150	115	115												
2085		11749500	10000	76200	0	0	10	150	115	115												
2086		12298300	10000	77300	0	0	10	150	115	115												
2087		12858000	10000	78400	0	0	10	150	115	115												
2088		13428800	10000	79500	0	0	10	150	115	115												
2089		13764800	10000	81400	0	0	10	150	115	115												
2090		14333200	10000	82500	0	0	10	150	115	115												
2091		14911400	10000	83400	0	0	10	150	115	115												
2092		15499200	10000	84400	0	0	10	150	115	115												
2093		16096800	10000	85500	0	0	10	150	115	115												
2094		16704000	10000	86400	0	0	10	150	115	115												
2095		17321100	10000	87400	0	0	10	150	115	115												
2096		17947900	10000	88300	0	0	10	150	115	115												
2097		18584400	10000	89400	0	0	10	150	115	115												
2098		19230500	10000	90400	0	0	10	150	115	115												
2099		19886400	10000	91300	0	0	10	150	115	115												
2100		20552100	10000	92300	0	0	10	150	115	115												
2101		21227600	10000	93300	0	0	10	150	115	115												
2102		21912700	10000	94300	0	0	10	150	115	115												
2103		22607500	10000	95300	0	0	10	150	115	115												
2104		23312000	10000	96200	0	0	10	150	115	115												
2105		23555200	10000	97300	0	0	10	150	115	115												
2106		23798400	10000	98200	0	0	10	150	115	115												
2107		24041600	10000	99200	0	0	10	150	115	115												
2108		24284800	10000	100300	0	0	10	150	115	115												
2109		24528000	10000	101200	0	0	10	150	115	115												
2110		24771200	10000	102200	0	0	10	150	115	115												
2111		25014400	10000	103100	0	0	10	150	115	115												
2112		25257600	10000	104200	0	0	10	150	115	115												
2113		25500800	10000	105200	0	0	10	150	115	115												
2114		25744000	10000	106100	0	0	10	150	115	115												
2115		25987200	10000	107200	0	0	10	150	115	115												
2116		26230400	10000	108100	0	0	10	150	115	115												
2117		26473600	10000	109100	0	0	10	150	115	115												
2118		26716800	10000	110200	0	0	10	150	115	115												
2119		26960000	10000	111100	0	0	10	150	115	115												
2120		27203200	10000	112100	0	0	10	150	115	115												
2121		27446400	10000	113000	0	0	10	150	115	115												
2122		27689600	10000	114100	0	0	10	150	115	115												
2123		27932800	10000	115100	0	0	10	150	115	115												
2124		28176000	10000	116000	0	0	10	150	115	115												
2125		28419200	10000	117000	0	0	10	150	115	115												
2126		28662400	10000	118000	0	0	10	150	115	115												
2127		28905600	10000	119000	0	0	10	150	115	115												
2128		29148800	10000	120000	0	0	10	150	115	115												
2129		29392000	10000	120900	0	0	10	150	115	115												
2130		29635200	10000	122000	0	0	10	150	115	115												
2131		29878400	10000	122900	0	0	10	150	115	115												
2132		30121600	10000	123900	0	0	10	150	115	115												
2133		30300800	10000	124700	0	0	10	150	115	115												
2134		30480000	10000	125400	0	0	10	150	115	115												
2135		30867200	10000	126900	0	0	10	150	115	115												
2136		31254400	10000	128500	0	0	10	150	115	115												
2137		31433600	10000	129300	0	0	10	150	115	115												
2138		31612800	10000	129900	0	0	10	150	115	115												
2139		31792000	10000	130700	0	0	10	150	115	115												
2140		31971200	10000	131300	0	0	10	150	115	115												
2141		32150400	10000	132100	0	0	10	150	115	115												
2142		32329600	10000	132900	0	0	10	150	115	115												
2143		32508800	10000	133600	0	0	10	150	115	115												
2144		32688000	10000	134300	0	0	10	150	115	115												
2145		32867200	10000	135000	0	0	10	150	115	115												
2146		33046400	10000	135800	0	0	10	150	115	115												
2147		33225600	10000	136500	0	0	10	150	115	115												
2148		33404800	10000	137200	0	0	10	150	115	115												
2149		33584000	10000	138000	0	0	10	150	115	115												
2150		33763200	10000	138600	0	0	10	150	115	115												
2151		33942400	10000	139400	0	0	10	150	115	115												
2152		34121600	10000	140200	0	0	10	150	115	115												
2153		34300800	10000	140800	0	0	10	150	115	115												
2154		34480000	10000	141600	0	0	10	150	115	115												
2155		34659200	10000	142300	0	0	10	150	115	115												
2156		34838400	10000	143000	0	0	10	150	115	115												
2157		35017600	10000	143800	0	0	10	150	115	115												
2158		35196800	10000	144500	0	0	10	150	115	115												
2159		35376000	10000	145300	0	0	10	150	115	115												
2160		35555200	10000	145900	0	0	10	150	115	115												
2161		35734400	10000	146700	0	0	10	150	115	115												
2162		35913600	10000	147500	0	0	10	150	115	115												
2163		36092800	10000	148100	0	0	10	150	115	115												
2164		36272000	10000	148900	0	0	10	150	115	115												
2165		36451200	10000	149500	0	0	10	150	115	115												
2166		36630400	10000	150300	0	0	10	150	115	115												
2167		36809600	10000	151100	0	0	10	150	115	115												
2168		36988800	10000	151800	0	0	10	150	115	115												
2169		37168000	10000	152500	0	0	10	150	115	115												
2170		37347200	10000	153200	0	0	10	150	115	115												
3001		797600	10000	7400	0	0	25	170	150	150												
3002		913600	10000	8000	0	0	25	170	150	150												
3003		1032800	10000	8700	0	0	25	170	150	150												
3004		1154400	10000	9300	0	0	25	170	150	150												
3005		1279200	10000	10100	0	0	25	170	150	150												
3006		1406400	10000	10800	0	0	25	170	150	150												
3007		1537600	10000	11400	0	0	25	170	150	150												
3008		1671200	10000	12200	0	0	25	170	150	150												
3009		1807200	10000	12800	0	0	25	170	150	150												
3010		1947200	10000	13500	0	0	25	170	150	150												
3011		2089600	10000	14300	0	0	25	170	150	150												
3012		2262400	10000	14900	0	0	25	170	150	150												
3013		2440800	10000	15600	0	0	25	170	150	150												
3014		2625600	10000	16200	0	0	25	170	150	150												
3015		2816000	10000	17000	0	0	25	170	150	150												
3016		3012800	10000	17700	0	0	25	170	150	150												
3017		3215200	10000	18300	0	0	25	170	150	150												
3018		3423200	10000	19100	0	0	25	170	150	150												
3019		3637600	10000	19700	0	0	25	170	150	150												
3020		3888800	10000	20600	0	0	25	170	150	150												
3021		4128000	10000	21300	0	0	25	170	150	150												
3022		4416800	10000	22100	0	0	25	170	150	150												
3023		4715200	10000	22800	0	0	25	170	150	150												
3024		4988000	10000	23400	0	0	25	170	150	150												
3025		5326400	10000	24300	0	0	25	170	150	150												
3026		5781600	10000	25500	0	0	25	170	150	150												
3027		5951200	10000	26300	0	0	25	170	150	150												
3028		6317600	10000	27000	0	0	25	170	150	150												
3029		6695200	10000	27900	0	0	25	170	150	150												
3030		7083200	10000	28700	0	0	25	170	150	150												
3031		7482400	10000	29600	0	0	25	170	150	150												
3032		7892000	10000	30500	0	0	25	170	150	150												
3033		8375200	10000	31200	0	0	25	170	150	150												
3034		8872000	10000	32100	0	0	25	170	150	150												
3035		9520000	10000	33300	0	0	25	170	150	150												
3036		10021600	10000	34100	0	0	25	170	150	150												
3037		10536000	10000	34800	0	0	25	170	150	150												
3038		11064000	10000	35600	0	0	25	170	150	150												
3039		11604000	10000	36300	0	0	25	170	150	150												
3040		12260800	10000	37400	0	0	25	170	150	150												
3041		12913600	10000	38400	0	0	25	170	150	150												
3042		13584000	10000	39500	0	0	25	170	150	150												
3043		14271200	10000	40400	0	0	25	170	150	150												
3044		14975200	10000	41400	0	0	25	170	150	150												
3045		15696000	10000	42300	0	0	25	170	150	150												
3046		16374400	10000	43200	0	0	25	170	150	150												
3047		16880000	10000	44400	0	0	25	170	150	150												
3048		17644800	10000	45500	0	0	25	170	150	150												
3049		18520800	10000	46400	0	0	25	170	150	150												
3050		19418400	10000	47400	0	0	25	170	150	150												
3051		20336800	10000	48500	0	0	25	170	150	150												
3052		21236000	10000	49400	0	0	25	170	150	150												
3053		22154400	10000	50300	0	0	25	170	150	150												
3054		23092000	10000	51200	0	0	25	170	150	150												
3055		24048800	10000	52100	0	0	25	170	150	150												
3056		25024800	10000	53000	0	0	25	170	150	150												
3057		26020000	10000	53900	0	0	25	170	150	150												
3058		28160000	10000	54800	0	0	25	170	150	150												
3059		29669600	10000	55400	0	0	25	170	150	150												
3060		30376800	10000	56700	0	0	25	170	150	150												
3061		32201600	10000	57800	0	0	25	170	150	150												
3062		34075200	10000	59000	0	0	25	170	150	150												
3063		35997600	10000	60000	0	0	25	170	150	150												
3064		37968000	10000	61200	0	0	25	170	150	150												
3065		39988000	10000	62400	0	0	25	170	150	150												
3066		42056000	10000	63500	0	0	25	170	150	150												
3067		44172800	10000	64700	0	0	25	170	150	150												
3068		46338400	10000	65700	0	0	25	170	150	150												
3069		50054400	10000	67100	0	0	25	170	150	150												
3070		53686400	10000	68100	0	0	25	170	150	150												
3071		57408000	10000	69200	0	0	25	170	150	150												
3072		61219200	10000	70200	0	0	25	170	150	150												
3073		65120000	10000	71300	0	0	25	170	150	150												
3074		69110400	10000	72300	0	0	25	170	150	150												
3075		73190400	10000	73400	0	0	25	170	150	150												
3076		77360000	10000	74400	0	0	25	170	150	150												
3077		81885600	10000	75800	0	0	25	170	150	150												
3078		84381600	10000	77900	0	0	25	170	150	150												
3079		89113600	10000	79200	0	0	25	170	150	150												
3080		93955200	10000	80600	0	0	25	170	150	150												
3081		98906400	10000	81800	0	0	25	170	150	150												
3082		103968000	10000	83100	0	0	25	170	150	150												
3083		109140000	10000	84300	0	0	25	170	150	150												
3084		112116000	10000	86600	0	0	25	170	150	150												
3085		117494400	10000	87900	0	0	25	170	150	150												
3086		122982400	10000	89100	0	0	25	170	150	150												
3087		128580000	10000	90500	0	0	25	170	150	150												
3088		134288000	10000	91700	0	0	25	170	150	150												
3089		137648000	10000	93900	0	0	25	170	150	150												
3090		143332000	10000	95100	0	0	25	170	150	150												
3091		149113600	10000	96200	0	0	25	170	150	150												
3092		154992000	10000	97400	0	0	25	170	150	150												
3093		160967200	10000	98600	0	0	25	170	150	150												
3094		167040000	10000	99600	0	0	25	170	150	150												
3095		173210400	10000	100800	0	0	25	170	150	150												
3096		179478400	10000	101900	0	0	25	170	150	150												
3097		185843200	10000	103100	0	0	25	170	150	150												
3098		192304800	10000	104300	0	0	25	170	150	150												
3099		198864000	10000	105300	0	0	25	170	150	150												
3100		205520800	10000	106500	0	0	25	170	150	150												
3101		212275200	10000	107600	0	0	25	170	150	150												
3102		219126400	10000	108800	0	0	25	170	150	150												
3103		226074400	10000	110000	0	0	25	170	150	150												
3104		233120000	10000	111000	0	0	25	170	150	150												
3105		235552000	10000	112200	0	0	25	170	150	150												
3106		237984000	10000	113300	0	0	25	170	150	150												
3107		240416000	10000	114500	0	0	25	170	150	150												
3108		242848000	10000	115700	0	0	25	170	150	150												
3109		245280000	10000	116700	0	0	25	170	150	150												
3110		247712000	10000	117900	0	0	25	170	150	150												
3111		250144000	10000	119000	0	0	25	170	150	150												
3112		252576000	10000	120200	0	0	25	170	150	150												
3113		255008000	10000	121400	0	0	25	170	150	150												
3114		257440000	10000	122400	0	0	25	170	150	150												
3115		259872000	10000	123600	0	0	25	170	150	150												
3116		262304000	10000	124700	0	0	25	170	150	150												
3117		264736000	10000	125900	0	0	25	170	150	150												
3118		267168000	10000	127100	0	0	25	170	150	150												
3119		269600000	10000	128100	0	0	25	170	150	150												
3120		272032000	10000	129300	0	0	25	170	150	150												
3121		274464000	10000	130400	0	0	25	170	150	150												
3122		276896000	10000	131600	0	0	25	170	150	150												
3123		279328000	10000	132800	0	0	25	170	150	150												
3124		281760000	10000	133800	0	0	25	170	150	150												
3125		284192000	10000	135000	0	0	25	170	150	150												
3126		286624000	10000	136100	0	0	25	170	150	150												
3127		289056000	10000	137300	0	0	25	170	150	150												
3128		291488000	10000	138500	0	0	25	170	150	150												
3129		293920000	10000	139500	0	0	25	170	150	150												
3130		296352000	10000	140700	0	0	25	170	150	150												
3131		298784000	10000	141800	0	0	25	170	150	150												
3132		301216000	10000	143000	0	0	25	170	150	150												
3133		303008000	10000	143900	0	0	25	170	150	150												
3134		304800000	10000	144600	0	0	25	170	150	150												
3135		308672000	10000	146400	0	0	25	170	150	150												
3136		312544000	10000	148200	0	0	25	170	150	150												
3137		314336000	10000	149100	0	0	25	170	150	150												
3138		316128000	10000	149900	0	0	25	170	150	150												
3139		317920000	10000	150800	0	0	25	170	150	150												
3140		319712000	10000	151500	0	0	25	170	150	150												
3141		321504000	10000	152400	0	0	25	170	150	150												
3142		323296000	10000	153300	0	0	25	170	150	150												
3143		325088000	10000	154100	0	0	25	170	150	150												
3144		326880000	10000	155000	0	0	25	170	150	150												
3145		328672000	10000	155700	0	0	25	170	150	150												
3146		330464000	10000	156600	0	0	25	170	150	150												
3147		332256000	10000	157500	0	0	25	170	150	150												
3148		334048000	10000	158300	0	0	25	170	150	150												
3149		335840000	10000	159200	0	0	25	170	150	150												
3150		337632000	10000	159900	0	0	25	170	150	150												
3151		339424000	10000	160800	0	0	25	170	150	150												
3152		341216000	10000	161700	0	0	25	170	150	150												
3153		343008000	10000	162500	0	0	25	170	150	150												
3154		344800000	10000	163400	0	0	25	170	150	150												
3155		346592000	10000	164100	0	0	25	170	150	150												
3156		348384000	10000	165000	0	0	25	170	150	150												
3157		350176000	10000	165900	0	0	25	170	150	150												
3158		351968000	10000	166700	0	0	25	170	150	150												
3159		353760000	10000	167600	0	0	25	170	150	150												
3160		355552000	10000	168300	0	0	25	170	150	150												
3161		357344000	10000	169200	0	0	25	170	150	150												
3162		359136000	10000	170100	0	0	25	170	150	150												
3163		360928000	10000	170900	0	0	25	170	150	150												
3164		362720000	10000	171800	0	0	25	170	150	150												
3165		364512000	10000	172500	0	0	25	170	150	150												
3166		366304000	10000	173400	0	0	25	170	150	150												
3167		368096000	10000	174300	0	0	25	170	150	150												
3168		369888000	10000	175100	0	0	25	170	150	150												
3169		371680000	10000	176000	0	0	25	170	150	150												
3170		373472000	10000	176700	0	0	25	170	150	150												
