96
96
0.5
65656565656565656565656565656565656565656565656565656565656565656565656565656565656565656565656565656565656565656565656565656565656565656565656565656565656565656565656565656565656565656565656565656565656565656565656565656565656565656565656565656565656565656565656565656565656565656565656565656565656565656565656565656565656565656565656565656565656565656565656565656565656565656565656565
65656565656565656565656565656565656565656565656565656565656565656565656565656565656565656565656565656565656565656565656565656565656565656565656565656565656565656565656565656565656565656565656565656565656565656565656565656565656565656565656565656565656565656565656565656565656565656565656565656565656565656565656565656565656565656565656565656565656565656565656565656565656565656565656565
65656565656565656565656565656565656565656565656565656565656565656565656565656565656565656565656565656565656565656565656565656565656565656565656565656565656565656565656565656565656565656565656565656565656565656565656565656565656565656565656565656565656565656565656565656565656565656565656565656565656565656565656565656565656565656565656565656565656565656565656565656565656565656565656565
65656565656565656565656565656565656565656565656565656565656565656565656565656565656565656565656565656565656565656565656565656565656565656565656565656565656565656565656565656565656565656565656565656565656565656565656565656565656565656565656565656565656565656565656565656565656565656565656565656565656565656565656565656565656565656565656565656565656565656565656565656565656565656565656565
65656565656565656565656565656565656565656565656565656565656565656565656565656565656565656565656565656565656565656565656565656565656565656565656565656565656565656565656565656565656565656565656565656565656565656565656565656565656565656565656565656565656565656565656565656565656565656565656565656565656565656565656565656565656565656565656565656565656565656565656565656565656565656565656565
65656565656565656565656565656565656565656565656565656565656565656565656565656565656565656565656565656565656565656565656565656565656565656565656565656565656565656565656565656565656565656565656565656565656565656565656565656565656565656565656565656565656565656565656565656565656565656565656565656565656565656565656565656565656565656565656565656565656565656565656565656565656565656565656565
65656565656565656565656565656565656565656565656565656565656565656565656565656565656565656565656565656565656565656565656565656565656565656565656565656565656565656565656565656565656565656565656565656565656565656565656565656565656565656565656565656565656565656565656565656565656565656565656565656565656565656565656565656565656565656565656565656565656565656565656565656565656565656565656565
65656565656565656565656565656565656565656565656565656565656565656565656565656565656565656565656565656565656565656565656565656565656565656565656565656565656565656565656565656565656565656565656565656565656565656565656565656565656565656565656565656565656565656565656565656565656565656565656565656565656565656565656565656565656565656565656565656565656565656565656565656565656565656565656565
65656565656565656565656565656565656565656565656565656565656565656565656565656565656565656565656565656565656565656565656565656565656565656565656565656565656565656565656565656565656565656565656565656565656565656565656565656565656565656565656565656565656565656565656565656565656565656565656565656565656565656565656565656565656565656565656565656565656565656565656565656565656565656565656565
65656565656565656565656565656565656565656565656565656565656565656565656565656565656565656565656565656565656565656565656565656565656565656565656565656565656565656565656565656565656565656565656565656565656565656565656565656565656565656565656565656565656565656565656565656565656565656565656565656565656565656565656565656565656565656565656565656565656565656565656565656565656565656565656565
65656565656565656565656565656565656565656565656565656565656565656565656565656565656565656565656565656565656565656565656565656565656565656565656565656565656565656565656565656565656565656565656565656565656565656565656565656565656565656565656565656565656565656565656565656565656565656565656565656565656565656565656565656565656565656565656565656565656565656565656565656565656565656565656565
65656565656565656565656565656565656565656565656565656565656565656565656565656565656565656565656565656565656565656565656565656565656565656565656565656565656565656565656565656565656565656565656565656565656565656565656565656565656565656565656565656565656565656565656565656565656565656565656565656565656565656565656565656565656565656565656565656565656565656565656565656565656565656565656565
65656565656565656565656565656565656565656565656565656565656565656565656565656565656565656565656565656565656565656565656565656565656565656565656565656565656565656565656565656565656565656565656565656565656565656565656565656565656565656565656565656565656565656565656565656565656565656565656565656565656565656565656565656565656565656565656565656565656565656565656565656565656565656565656565
65656565656565656565656565656565656565656565656565656565656565656565656565656565656565656565656565656565656565656565656565656565656565656565656565656565656565656565656565656565656565656565656565656565656565656565656565656565656565656565656565656565656565656565656565656565656565656565656565656565656565656565656565656565656565656565656565656565656565656565656565656565656565656565656565
65656565656565656565656565656565656565656565656565656565656565656565656565656565656565656565656565656565656565656565656565656565656565656565656565656565656565656565656565656565656565656565656565656565656565656565656565656565656565656565656565656565656565656565656565656565656565656565656565656565656565656565656565656565656565656565656565656565656565656565656565656565656565656565656565
65656565656565656565656565656565656565656565656565656565656565656565656565656565656565656565656565656565656565656565656565656565656565656565656565656565656565656565656565656565656565656565656565656565656565656565656565656565656565656565656565656565656565656565656565656565656565656565656565656565656565656565656565656565656565656565656565656565656565656565656565656565656565656565656565
65656565656565656565656565656565656565656565656565646565656565656565656565656565656565656565656565656565656565656565656565656565656565656565656565656565656565656565656565656565656565656565656565656565656565656565656565656565656565656565656565646465656565656565656565656565656565656565656565656565656565656565656565656565656565656565656565656565656565656565656565656565656565656565656565
65656565656565656565656565656565656565656565656464646465656565656565656565656565656565656565656565656565656565656565656565656565656565656565656565656565656565656565656565656565656565656565656565656565656565656565656565656565656565656565656464646465656565656565656565656565656565656565656565656565656565656565656565656565656565656565656565656565656565656565656565656565656565656565656565
65656565656565656565656565656565656565656564646464646465656565656565656565656565656565656565656565656565656565656565656565656565656565656565656565656565656565656565656565656565656565656565656565656565656565656565656565656565656565656564646464646464656565656565656565656565656565656565656565656565656565656565656565656565656565656565656565656565656565656565656565656565656565656565656565
65656565656565656565656565656565656565646464646464646464656565656565656565656565656565656565656565656565656565656565656565656565656565656565656565656565656565656565656565656565656565656565656565656565656565656565656565656565656565646464646464646464646565656565656565656565656565656565656565656565656565656565656565656565656565656565656565656565656565656565656565656565656565656565656565
65656565656565656565656565656565656564646464646464646464656565656565656565656565656565656565656565656565656565656565656565656565656565656565656565656565656565656565656565656565656565656565656565656565656565656565656565656565656565646464646464646464646565656565656565656565656565656565656565656565656565656565656565656565656565656565656565656565656565656565656565656565656565656565656565
65656565656565656565656565656565656565646464646464646464646465656565656565656565656565656565656565656565656565656565656565656565656565656565656565656565656565656565656565656565656565656565656565656565656565656565656565656565656565656464646464646464646464656565656565656565656565656565656565656565656565656565656565656565656565656565656565656565656565656565656565656565656565656565656565
65656565656565656565656565656565656565656464646464646464646465656565656565656565656565656565656565656565656565656565656565656565656565656565656565656565656565656565656565656565656565656565656565656565656565656565656565656565656565656564646464646464646464656565656565656565656565656565656565656565656565656565656565656565656565656565656565656565656565656565656565656565656565656565656565
65656565656565656565656565656565656565656464646464646464646464656465656565656565656565656565656565656565656565656565656565656565656565656565656565656565656565656565656565656565656565656565656565656565656565656565656565656565656565656564646464646464646464646465656565656565656565656565656565656565656565656565656565656565656565656565656565656565656565656565656565656565656565656565656565
65656565656565656565656565656565656565656564646464646464646464646465656565656565656565656565656565656565656565656565656565656565656565656565656565656565656565656565656565656565656565656565656565656565656565656565656565656565656565656564646464646464646464646464656565656565656565656565656565656565656565656565656565656565656565656565656565656565656565656565656565656565656565656565656565
65656565656565656565656565656565656565656564646464646464646464646464656565656565656565656565656565656565656565656565656565656565656565656565656565656565656565656565656565656565656565656565656565656565656565656565656565656565656565656565646464646464646464646464646565656565656565656565656565656565656565656565656565656565656565656565656565656565656565656565656565656565656565656565656565
65656565656565656565656565656565656565656564646464646464646464646464656565656565656565656565656565656565656565656565656565656565656565656565656565656565656565656565656565656565656565656565656565656565656565656565656565656565656565656564646464646464646464646464646565656565656565656565656565656565656565656565656565656565656565656565656565656565656565656565656565656565656565656565656565
65656565656565656565656565656565656565656464646464646464646464646464646565656565656565656565656565656565656565656565656565656565656565656565656565656565656565656565656565656565656565656565656565656565656565656565656565656565656565646464646464646464646464646464646465656565656565656565656565656565656565656565656565656565656565656565656565656565656565656565656565656565656565656565656565
65656565656565656565656565656565656564646464646464646464646464646464646465656565656565656565656565656565656565656565656565656565656565656565656565656565656565656565656565656565656565656565656565656565656565656565656565656565656565646464646464646464646464646464646465656565656565656565656565656565656565656565656565656565656565656565656565656565656565656565656565656565656565656565656565
65656565656565656565656565656565656564656564646464646464646464646464646465656565656565656565656565656565656565656565656565656565656565656565656565656565656565656565656565656565656565656565656565656565656565656565656565656565656565656565646464646464646464646464646464656565656565656565656565656565656565656565656565656565656565656565656565656565656565656565656565656565656565656565656565
65656565656565656565656565656565656565656565646464646464646464646464646464656565656565656565656565656565656565656565656565656565656565656565656565656565656565656565656565656565656565656565656565656565656565656565656565656565656565656565646464646464646464646464646464646565656565656565656565656565656565656565656565656565656565656565656565656565656565656565656565656565656565656565656565
65656565656565656565656565656565656565656565646464646464646464646464646464656565656565656565656565656565656565656565656565656565656565656565656565656565656565656565656565656565656565656565656565656565656565656565656565656565656565656565656464646464646464646464646464646565656565656565656565656565656565656565656565656565656565656565656565656565656565656565656565656565656565656565656565
65656565656565656565656565656565656565656565656464646464646464646464646464646565656565656565656565656565656565656565656565656565656565656565656565656565656565656565656565656565656565656565656565656565656565656565656565656565656565656565656464646464646464646464646464646465656565656565656565656565656565656565656565656565656565656565656565656565656565656565656565656565656565656565656565
65656565656565656565656565656565656565656565646464646464646464646464646464646465656565656565656565656565656565656565656565656565656565656565656565656565656565656565656565656565656565656565656565656565656565656565656565656565656565656565646464646464646464646464646464646465656565656565656565656565656565656565656565656565656565656565656565656565656565656565656565656565656565656565656565
65656565656565656565656565656565656565656565646464646464646464646464646464646465656565656565656565656565656565656565656565656565656565656565656565656565656565656565656565656565656565656565656565656565656565656565656565656565656565656565646464646464646464646464646464646464656565656565656565656565656565656565656565656565656565656565656565656565656565656565656565656565656565656565656565
65656565656565656565656565656565656565656565646464646464646464646464646464646464656565656565656565656565656565656565656565656565656565656565656565656565656565656565656565656565656565656565656565656565656565656565656565656565656565656565656464646464646464646464646464646464656565656565656565656565656565656565656565656565656565656565656565656565656565656565656565656565656565656565656565
65656565656565656565656565656565656565656565656464646464646464646464646464646464656565656565656565656565656565656565656565656565656565656565656565656565656565656565656565656565656565656565656565656565656565656565656565656565656565656565656564646464646464646464646464646464656565656565656565656565656565656565656565656565656565656565656565656565656565656565656565656565656565656565656565
65656565656565656565656565656565656565656565656464656464646464646464646464646464656565656565656565656565656565656565656565656565656565656565656565656565656565656565656565656565656565656565656565656565656565656565656565656565656565656565656564656564646464646464646464646464656565656565656565656565656565656565656565656565656565656565656565656565656565656565656565656565656565656565656565
65656565656565656565656565656565656565656565656565656464646464646464646464646464656565656565656565656565656565656565656565656565656565656565656565656565656565656565656565656565656565656565656565656565656565656565656565656565656565656565656565656564646464646464646464646464656565656565656565656565656565656565656565656565656565656565656565656565656565656565656565656565656565656565656565
65656565656565656565656565656565656565656565656565656564646464646464646464646464656565656565656565656565656565656565656565656565656565656565656565656565656565656565656565656565656565656565656565656565656565656565656565656565656565656565656565656564646464646464646464646464646565656565656565656565656565656565656565656565656565656565656565656565656565656565656565656565656565656565656565
65656565656565656565656565656565656565656565656565646464646464646464646464646464646465656565656565656565656565656565656565656565656565656565656565656565656565656565656565656565656565656565656565656565656565656565656565656565656565656565656565656464646464646464646464646464646464656565656565656565656565656565656565656565656565656565656565656565656565656565656565656565656565656565656565
65656565656565656565656565656565656565656565656565656464646464646464646464646464646464656565656565656565656565656565656565656565656565656565656565656565656565656565656565656565656565656565656565656565656565656565656565656565656565656565656565656464646464646464646464646464646464656565656565656565656565656565656565656565656565656565656565656565656565656565656565656565656565656565656565
65656565656565656565656565656565656565656565656565656464646464646464646464646464646464656565656565656565656565656565656565656565656565656565656565656565656565656565656565656565656565656565656565656565656565656565656565656565656565656565656565656564646464646464646464646464646464646565656565656565656565656565656565656565656565656565656565656565656565656565656565656565656565656565656565
65656565656565656565656565656565656565656565656565656564646564646464646464646464646464646565656565656565656565656565656565656565656565656565656565656565656565656565656565656565656565656565656565656565656565656565656565656565656565656565656565656564656565646464646464646464646464646465656565656565656565656565656565656565656565656565656565656565656565656565656565656565656565656565656565
65656565656565656565656565656565656565656565656565656565656564646464646464646464646464646565656565656565656565656565656565656565656565656565656565656565656565656565656565656565656565656565656565656565656565656565656565656565656565656565656565656565656565646464646464646464646464646465656565656565656565656565656565656565656565656565656565656565656565656565656565656565656565656565656565
65656565656565656565656565656565656565656565656565656565656565646464646464646464646464646465656565656565656565656565656565656565656565656565656565656565656565656565656565656565656565656565656565656565656565656565656565656565656565656565656565656565656565656464646464646464646464646464656565656565656565656565656565656565656565656565656565656565656565656565656565656565656565656565656565
65656565656565656565656565656565656565656565656565656565656565656464646464646464646464646464656565656565656565656565656565656565656565656565656565656565656565656565656565656565656565656565656565656565656565656565656565656565656565656565656565656565656565656464646464646464646464646464656565656565656565656565656565656565656565656565656565656565656565656565656565656565656565656565656565
65656565656565656565656565656565656565656565656565656565656565656464646464646464646464646464656565656565656565656565656565656565656565656565656565656565656565656565656565656565656565656565656565656565656565656565656565656565656565656565656565656565656565656564646464646464646464646464646565656565656565656565656565656565656565656565656565656565656565656565656565656565656565656565656565
65656565656565656565656565656565656565656565656565656565656565646464646464646464646464646464646565656565656565656565656565656565656565656565656565656565656565656565656565656565656565656565656565656565656565656565656565656565656565656565656565656565656565646464646464646464646464646464646465656565656565656565656565656565656565656565656565656565656565656565656565656565656565656565656565
65656565656565656565656565656565656565656565656565656565656564646464646464646464646464646464646565656565656565656565656565656565656565656565656565656565656565656565656565656565656565656565656565656565656565656565656565656565656565656565656565656565656565646464646464646464646464646464646465656565656565656565656565656565656565656565656565656565656565656565656565656565656565656565656565
65656565656565656565656565656565656565656565656565656565656565646464646464646464646464646464646465656565656565656565656565656565656565656565656565656565656565656565656565656565656565656565656565656565656565656565656565656565656565656565656565656565656565656464646464646464646464646464646464656565656565656565656565656565656565656565656565656565656565656565656565656565656565656565656565
65656565656565656565656565656565656565656565656565656565656565646464646464646464646464646464646464656565656565656565656565656565656565656565656565656565656565656565656565656565656565656565656565656565656565656565656565656565656565656565656565656565656565656464646464646464646464646464646464656565656565656565656565656565656565656565656565656565656565656565656565656565656565656565656565
65656565656565656565656565656565656565656565656565656565656565656464656464646464646464646464646464656565656565656565656565656565656565656565656565656565656565656565656565656565656565656565656565656565656565656565656565656565656565656565656565656565656565656565656564646464646464646464646464646565656565656565656565656565656565656565656565656565656565656565656565656565656565656565656565
65656565656565656565656565656565656565656565656565656565656565656565656464646464646464646464646464646565656565656565656565656565656565656565656565656565656565656565656565656565656565656565656565656565656565656565656565656565656565656565656565656565656565656565656564646464646464646464646464646465656565656565656565656565656565656565656565656565656565656565656565656565656565656565656565
65656565656565656565656565656565656565656565656565656565656565656565656564646464646464646464646464646565656565656565656565656565656565656565656565656565656565656565656565656565656565656565656565656565656565656565656565656565656565656565656565656565656565656565656564646464646464646464646464646465656565656565656565656565656565656565656565656565656565656565656565656565656565656565656565
65656565656565656565656565656565656565656565656565656565656565656565656464646464646464646464646464646465656565656565656565656565656565656565656565656565656565656565656565656565656565656565656565656565656565656565656565656565656565656565656565656565656565656565656564646464646464646464646464646464656565656565656565656565656565656565656565656565656565656565656565656565656565656565656565
65656565656565656565656565656565656565656565656565656565656565656565656564646464646464646464646464646464656565656565656565656565656565656565656565656565656565656565656565656565656565656565656565656565656565656565656565656565656565656565656565656565656565656565656564646464646464646464646464646464646565656565656565656565656565656565656565656565656565656565656565656565656565656565656565
65656565656565656565656565656565656565656565656565656565656565656565656564646464646464646464646464646464656565656565656565656565656565656565656565656565656565656565656565656565656565656565656565656565656565656565656565656565656565656565656565656565656565656565656565646464646464646464646464646464646565656565656565656565656565656565656565656565656565656565656565656565656565656565656565
65656565656565656565656565656565656565656565656565656565656565656565656565646464646464646464646464646464646565656565656565656565656565656565656565656565656565656565656565656565656565656565656565656565656565656565656565656565656565656565656565656565656565656565656565646464646464646464646464646464646465656565656565656565656565656565656565656565656565656565656565656565656565656565656565
65656565656565656565656565656565656565656565656565656565656565656565656565656464646464646464646464646464646465656565656565656565656565656565656565656565656565656565656565656565656565656565656565656565656565656565656565656565656565656565656565656565656565656565656565656564646464646464646464646464646465656565656565656565656565656565656565656565656565656565656565656565656565656565656565
65656565656565656565656565656565656565656565656565656565656565656565656565656564646464646464646464646464646465656565656565656565656565656565656565656565656565656565656565656565656565656565656565656565656565656565656565656565656565656565656565656565656565656565656565656565646464646464646464646464646464656565656565656565656565656565656565656565656565656565656565656565656565656565656565
65656565656565656565656565656565656565656565656565656565656565656565656565656564646464646464646464646464646464656565656565656565656565656565656565656565656565656565656565656565656565656565656565656565656565656565656565656565656565656565656565656565656565656565656565656565646464646464646464646464646464646565656565656565656565656565656565656565656565656565656565656565656565656565656565
65656565656565656565656565656565656565656565656565656565656565656565656565656564646464646464646464646464646464656565656565656565656565656565656565656565656565656565656565656565656565656565656565656565656565656565656565656565656565656565656565656565656565656565656565656564646464646464646464646464646464646565656565656565656565656565656565656565656565656565656565656565656565656565656565
65656565656565656565656565656565656565656565656565656565656565656565656565656464646464646464646464646464646464646565656565656565656565656565656565656565656565656565656565656565656565656565656565656565656565656565656565656565656565656565656565656565656565656565656565646464646464646464646464646464646464646465656565656565656565656565656565656565656565656565656565656565656565656565656565
65656565656565656565656565656565656565656565656565656565656565656565656564646464646464646464646464646464646464646465656565656565656565656565656565656565656565656565656565656565656565656565656565656565656565656565656565656565656565656565656565656565656565656565656564646464646464646464646464646464646464646465656565656565656565656565656565656565656565656565656565656565656565656565656565
65656565656565656565656565656565656565656565656565656565656565656565646464646464646464646464646464646464646464646465656565656565656565656565656565656565656565656565656565656565656565656565656565656565656565656565656565656565656565656565656565656565656565656565656464646464646464646464646464646464646464646464656565656565656565656565656565656565656565656565656565656565656565656565656565
65656565656565656565656565656565656565656565656565656565656565656565646464646464646464646464646464646464646464646464656565656565656565656565656565656565656565656565656565656565656565656565656565656565656565656565656565656565656565656565656565656565656565656565646464646464646464646464646464646464646464646464646565656565656565656565656565656565656565656565656565656565656565656565656565
65656565656565656565656565656565656565656565656565656565656565656564646464646464646464646464646464646464646464646464656565656565656565656565656565656565656565656565656565656565656565656565656565656565656565656565656565656565656565656565656565656565656565656565646464646464646464646464646464646464646464646464646565656565656565656565656565656565656565656565656565656565656565656565656565
65656565656565656565656565656565656565656565656565656565656565656565646464646464646465646464646464646464646464646464646565656565656565656565656565656565656565656565656565656565656565656565656565656565656565656565656565656565656565656565656565656565656565656565656464646464646465646464646464646464646464646464646465656565656565656565656565656565656565656565656565656565656565656565656565
65656565656565656565656565656565656565656565656565656565656565656565646464646464656565646464646464646464646464646464646465656565656565656565656565656565656565656565656565656565656565656565656565656565656565656565656565656565656565656565656565656565656565656565656464646464656565656464646464646464646464646464646465656565656565656565656565656565656565656565656565656565656565656565656565
65656565656565656565656565656565656565656565656565656565656565656565656464646465656565656464646464646464646464646464646465656565656565656565656565656565656565656565656565656565656565656565656565656565656565656565656565656565656565656565656565656565656565656565656564646465656565656464646464646464646464646464646465656565656565656565656565656565656565656565656565656565656565656565656565
65656565656565656565656565656565656565656565656565656565656565656565656564656565656565656464646464646464646464646464646565656565656565656565656565656565656565656565656565656565656565656565656565656565656565656565656565656565656565656565656565656565656565656565656564656565656565656564646464646464646464646464646565656565656565656565656565656565656565656565656565656565656565656565656565
65656565656565656565656565656565656565656565656565656565656565656565656565656565656565656564646464646464646464646465656565656565656565656565656565656565656565656565656565656565656565656565656565656565656565656565656565656565656565656565656565656565656565656565656565656565656565656565646464646464646464646465656565656565656565656565656565656565656565656565656565656565656565656565656565
65656565656565656565656565656565656565656565656565656565656565656565656565656565656565656564646464646464646464656565656565656565656565656565656565656565656565656565656565656565656565656565656565656565656565656565656565656565656565656565656565656565656565656565656565656565656565656565646464646464646464656565656565656565656565656565656565656565656565656565656565656565656565656565656565
65656565656565656565656565656565656565656565656565656565656565656565656565656565656565656565646464646464646465656565656565656565656565656565656565656565656565656565656565656565656565656565656565656565656565656565656565656565656565656565656565656565656565656565656565656565656565656565656464646464646565656565656565656565656565656565656565656565656565656565656565656565656565656565656565
65656565656565656565656565656565656565656565656565656565656565656565656565656565656565656565646464646464656565656565656565656565656565656565656565656565656565656565656565656565656565656565656565656565656565656565656565656565656565656565656565656565656565656565656565656565656565656565656464646465656565656565656565656565656565656565656565656565656565656565656565656565656565656565656565
65656565656565656565656565656565656565656565656565656565656565656565656565656565656565656565656464646565656565656565656565656565656565656565656565656565656565656565656565656565656565656565656565656565656565656565656565656565656565656565656565656565656565656565656565656565656565656565656564646565656565656565656565656565656565656565656565656565656565656565656565656565656565656565656565
65656565656565656565656565656565656565656565656565656565656565656565656565656565656565656565656565656565656565656565656565656565656565656565656565656565656565656565656565656565656565656565656565656565656565656565656565656565656565656565656565656565656565656565656565656565656565656565656565656565656565656565656565656565656565656565656565656565656565656565656565656565656565656565656565
65656565656565656565656565656565656565656565656565656565656565656565656565656565656565656565656565656565656565656565656565656565656565656565656565656565656565656565656565656565656565656565656565656565656565656565656565656565656565656565656565656565656565656565656565656565656565656565656565656565656565656565656565656565656565656565656565656565656565656565656565656565656565656565656565
65656565656565656565656565656565656565656565656565656565656565656565656565656565656565656565656565656565656565656565656565656565656565656565656565656565656565656565656565656565656565656565656565656565656565656565656565656565656565656565656565656565656565656565656565656565656565656565656565656565656565656565656565656565656565656565656565656565656565656565656565656565656565656565656565
65656565656565656565656565656565656565656565656565656565656565656565656565656565656565656565656565656565656565656565656565656565656565656565656565656565656565656565656565656565656565656565656565656565656565656565656565656565656565656565656565656565656565656565656565656565656565656565656565656565656565656565656565656565656565656565656565656565656565656565656565656565656565656565656565
65656565656565656565656565656565656565656565656565656565656565656565656565656565656565656565656565656565656565656565656565656565656565656565656565656565656565656565656565656565656565656565656565656565656565656565656565656565656565656565656565656565656565656565656565656565656565656565656565656565656565656565656565656565656565656565656565656565656565656565656565656565656565656565656565
65656565656565656565656565656565656565656565656565656565656565656565656565656565656565656565656565656565656565656565656565656565656565656565656565656565656565656565656565656565656565656565656565656565656565656565656565656565656565656565656565656565656565656565656565656565656565656565656565656565656565656565656565656565656565656565656565656565656565656565656565656565656565656565656565
65656565656565656565656565656565656565656565656565656565656565656565656565656565656565656565656565656565656565656565656565656565656565656565656565656565656565656565656565656565656565656565656565656565656565656565656565656565656565656565656565656565656565656565656565656565656565656565656565656565656565656565656565656565656565656565656565656565656565656565656565656565656565656565656565
65656565656565656565656565656565656565656565656565656565656565656565656565656565656565656565656565656565656565656565656565656565656565656565656565656565656565656565656565656565656565656565656565656565656565656565656565656565656565656565656565656565656565656565656565656565656565656565656565656565656565656565656565656565656565656565656565656565656565656565656565656565656565656565656565
65656565656565656565656565656565656565656565656565656565656565656565656565656565656565656565656565656565656565656565656565656565656565656565656565656565656565656565656565656565656565656565656565656565656565656565656565656565656565656565656565656565656565656565656565656565656565656565656565656565656565656565656565656565656565656565656565656565656565656565656565656565656565656565656565
65656565656565656565656565656565656565656565656565656565656565656565656565656565656565656565656565656565656565656565656565656565656565656565656565656565656565656565656565656565656565656565656565656565656565656565656565656565656565656565656565656565656565656565656565656565656565656565656565656565656565656565656565656565656565656565656565656565656565656565656565656565656565656565656565
65656565656565656565656565656565656565656565656565656565656565656565656565656565656565656565656565656565656565656565656565656565656565656565656565656565656565656565656565656565656565656565656565656565656565656565656565656565656565656565656565656565656565656565656565656565656565656565656565656565656565656565656565656565656565656565656565656565656565656565656565656565656565656565656565
65656565656565656565656565656565656565656565656565656565656565656565656565656565656565656565656565656565656565656565656565656565656565656565656565656565656565656565656565656565656565656565656565656565656565656565656565656565656565656565656565656565656565656565656565656565656565656565656565656565656565656565656565656565656565656565656565656565656565656565656565656565656565656565656565
65656565656565656565656565656565656565656565656565656565656565656565656565656565656565656565656565656565656565656565656565656565656565656565656565656565656565656565656565656565656565656565656565656565656565656565656565656565656565656565656565656565656565656565656565656565656565656565656565656565656565656565656565656565656565656565656565656565656565656565656565656565656565656565656565
65656565656565656565656565656565656565656565656565656565656565656565656565656565656565656565656565656565656565656565656565656565656565656565656565656565656565656565656565656565656565656565656565656565656565656565656565656565656565656565656565656565656565656565656565656565656565656565656565656565656565656565656565656565656565656565656565656565656565656565656565656565656565656565656565
65656565656565656565656565656565656565656565656565656565656565656565656565656565656565656565656565656565656565656565656565656565656565656565656565656565656565656565656565656565656565656565656565656565656565656565656565656565656565656565656565656565656565656565656565656565656565656565656565656565656565656565656565656565656565656565656565656565656565656565656565656565656565656565656565
65656565656565656565656565656565656565656565656565656565656565656565656565656565656565656565656565656565656565656565656565656565656